26,1
26,3
32,1
32,3
30,1
30,3
29,3
28,5
29,1
29,4
28,4
28,1
28,3
27,1
27,3
31,5
31,1
31,3
34,4
34,1
34,3
35,3
36,35
25,4
25,1
25,3
24,4
24,1
24,3
33,4
33,5
33,3
3,2
3,1
3,3
10,157
10,155
10,103
10,295
10,177
10,285
10,201
10,1
10,173
10,2
10,3
11,26
11,28
11,10
11,1
11,30
11,2
11,3
9,5
9,1
9,7
9,2
9,3
8,13
8,14
8,6
8,8
8,17
8,18
8,16
8,1
8,15
8,2
8,3
0,318
12,2
12,1
12,3
20,2
20,1
20,3
19,2
19,1
19,3
35,12
35,11
35,10
35,9
35,8
35,7
35,6
35,1
35,5
33,106
33,105
33,104
33,103
33,102
33,101
33,100
33,99
33,98
33,97
33,96
33,95
33,94
33,93
33,92
33,91
33,90
33,89
33,88
33,87
33,86
33,85
33,84
33,83
33,82
33,81
33,80
33,79
33,78
33,77
33,76
33,75
33,74
33,73
33,72
33,71
33,70
33,69
33,68
33,67
